{
 "cells": [
  {
   "cell_type": "code",
   "execution_count": 1,
   "metadata": {},
   "outputs": [],
   "source": [
    "import numpy as np\n",
    "import pandas as pd\n",
    "import matplotlib.pyplot as plt\n",
    "\n",
    "\n",
    "from sklearn.linear_model import LinearRegression\n",
    "from sklearn.metrics import mean_squared_error\n",
    "from sklearn.model_selection import train_test_split\n",
    "from sklearn import preprocessing"
   ]
  },
  {
   "cell_type": "code",
   "execution_count": 2,
   "metadata": {},
   "outputs": [
    {
     "data": {
      "text/html": [
       "<div>\n",
       "<style scoped>\n",
       "    .dataframe tbody tr th:only-of-type {\n",
       "        vertical-align: middle;\n",
       "    }\n",
       "\n",
       "    .dataframe tbody tr th {\n",
       "        vertical-align: top;\n",
       "    }\n",
       "\n",
       "    .dataframe thead th {\n",
       "        text-align: right;\n",
       "    }\n",
       "</style>\n",
       "<table border=\"1\" class=\"dataframe\">\n",
       "  <thead>\n",
       "    <tr style=\"text-align: right;\">\n",
       "      <th></th>\n",
       "      <th>AGE</th>\n",
       "      <th>SEX</th>\n",
       "      <th>BMI</th>\n",
       "      <th>BP</th>\n",
       "      <th>S1</th>\n",
       "      <th>S2</th>\n",
       "      <th>S3</th>\n",
       "      <th>S4</th>\n",
       "      <th>S5</th>\n",
       "      <th>S6</th>\n",
       "      <th>Y</th>\n",
       "    </tr>\n",
       "  </thead>\n",
       "  <tbody>\n",
       "    <tr>\n",
       "      <th>0</th>\n",
       "      <td>59</td>\n",
       "      <td>2</td>\n",
       "      <td>32.1</td>\n",
       "      <td>101.0</td>\n",
       "      <td>157</td>\n",
       "      <td>93.2</td>\n",
       "      <td>38.0</td>\n",
       "      <td>4.0</td>\n",
       "      <td>4.8598</td>\n",
       "      <td>87</td>\n",
       "      <td>151</td>\n",
       "    </tr>\n",
       "    <tr>\n",
       "      <th>1</th>\n",
       "      <td>48</td>\n",
       "      <td>1</td>\n",
       "      <td>21.6</td>\n",
       "      <td>87.0</td>\n",
       "      <td>183</td>\n",
       "      <td>103.2</td>\n",
       "      <td>70.0</td>\n",
       "      <td>3.0</td>\n",
       "      <td>3.8918</td>\n",
       "      <td>69</td>\n",
       "      <td>75</td>\n",
       "    </tr>\n",
       "    <tr>\n",
       "      <th>2</th>\n",
       "      <td>72</td>\n",
       "      <td>2</td>\n",
       "      <td>30.5</td>\n",
       "      <td>93.0</td>\n",
       "      <td>156</td>\n",
       "      <td>93.6</td>\n",
       "      <td>41.0</td>\n",
       "      <td>4.0</td>\n",
       "      <td>4.6728</td>\n",
       "      <td>85</td>\n",
       "      <td>141</td>\n",
       "    </tr>\n",
       "    <tr>\n",
       "      <th>3</th>\n",
       "      <td>24</td>\n",
       "      <td>1</td>\n",
       "      <td>25.3</td>\n",
       "      <td>84.0</td>\n",
       "      <td>198</td>\n",
       "      <td>131.4</td>\n",
       "      <td>40.0</td>\n",
       "      <td>5.0</td>\n",
       "      <td>4.8903</td>\n",
       "      <td>89</td>\n",
       "      <td>206</td>\n",
       "    </tr>\n",
       "    <tr>\n",
       "      <th>4</th>\n",
       "      <td>50</td>\n",
       "      <td>1</td>\n",
       "      <td>23.0</td>\n",
       "      <td>101.0</td>\n",
       "      <td>192</td>\n",
       "      <td>125.4</td>\n",
       "      <td>52.0</td>\n",
       "      <td>4.0</td>\n",
       "      <td>4.2905</td>\n",
       "      <td>80</td>\n",
       "      <td>135</td>\n",
       "    </tr>\n",
       "  </tbody>\n",
       "</table>\n",
       "</div>"
      ],
      "text/plain": [
       "   AGE  SEX   BMI     BP   S1     S2    S3   S4      S5  S6    Y\n",
       "0   59    2  32.1  101.0  157   93.2  38.0  4.0  4.8598  87  151\n",
       "1   48    1  21.6   87.0  183  103.2  70.0  3.0  3.8918  69   75\n",
       "2   72    2  30.5   93.0  156   93.6  41.0  4.0  4.6728  85  141\n",
       "3   24    1  25.3   84.0  198  131.4  40.0  5.0  4.8903  89  206\n",
       "4   50    1  23.0  101.0  192  125.4  52.0  4.0  4.2905  80  135"
      ]
     },
     "execution_count": 2,
     "metadata": {},
     "output_type": "execute_result"
    }
   ],
   "source": [
    "datapath = 'https://web.stanford.edu/~hastie/Papers/LARS/diabetes.data'\n",
    "diastats_raw = pd.read_csv(datapath, sep='\\t')\n",
    "\n",
    "diastats_raw.head()"
   ]
  },
  {
   "cell_type": "code",
   "execution_count": 3,
   "metadata": {
    "scrolled": true
   },
   "outputs": [
    {
     "data": {
      "text/plain": [
       "(442, 11)"
      ]
     },
     "execution_count": 3,
     "metadata": {},
     "output_type": "execute_result"
    }
   ],
   "source": [
    "#check data size\n",
    "diastats_raw.shape"
   ]
  },
  {
   "cell_type": "code",
   "execution_count": 4,
   "metadata": {},
   "outputs": [
    {
     "data": {
      "text/html": [
       "<div>\n",
       "<style scoped>\n",
       "    .dataframe tbody tr th:only-of-type {\n",
       "        vertical-align: middle;\n",
       "    }\n",
       "\n",
       "    .dataframe tbody tr th {\n",
       "        vertical-align: top;\n",
       "    }\n",
       "\n",
       "    .dataframe thead th {\n",
       "        text-align: right;\n",
       "    }\n",
       "</style>\n",
       "<table border=\"1\" class=\"dataframe\">\n",
       "  <thead>\n",
       "    <tr style=\"text-align: right;\">\n",
       "      <th></th>\n",
       "      <th>AGE</th>\n",
       "      <th>SEX</th>\n",
       "      <th>BMI</th>\n",
       "      <th>BP</th>\n",
       "      <th>S1</th>\n",
       "      <th>S2</th>\n",
       "      <th>S3</th>\n",
       "      <th>S4</th>\n",
       "      <th>S5</th>\n",
       "      <th>S6</th>\n",
       "      <th>Y</th>\n",
       "    </tr>\n",
       "  </thead>\n",
       "  <tbody>\n",
       "    <tr>\n",
       "      <th>AGE</th>\n",
       "      <td>1.000000</td>\n",
       "      <td>0.173737</td>\n",
       "      <td>0.185085</td>\n",
       "      <td>0.335428</td>\n",
       "      <td>0.260061</td>\n",
       "      <td>0.219243</td>\n",
       "      <td>-0.075181</td>\n",
       "      <td>0.203841</td>\n",
       "      <td>0.270774</td>\n",
       "      <td>0.301731</td>\n",
       "      <td>0.187889</td>\n",
       "    </tr>\n",
       "    <tr>\n",
       "      <th>SEX</th>\n",
       "      <td>0.173737</td>\n",
       "      <td>1.000000</td>\n",
       "      <td>0.088161</td>\n",
       "      <td>0.241010</td>\n",
       "      <td>0.035277</td>\n",
       "      <td>0.142637</td>\n",
       "      <td>-0.379090</td>\n",
       "      <td>0.332115</td>\n",
       "      <td>0.149916</td>\n",
       "      <td>0.208133</td>\n",
       "      <td>0.043062</td>\n",
       "    </tr>\n",
       "    <tr>\n",
       "      <th>BMI</th>\n",
       "      <td>0.185085</td>\n",
       "      <td>0.088161</td>\n",
       "      <td>1.000000</td>\n",
       "      <td>0.395411</td>\n",
       "      <td>0.249777</td>\n",
       "      <td>0.261170</td>\n",
       "      <td>-0.366811</td>\n",
       "      <td>0.413807</td>\n",
       "      <td>0.446157</td>\n",
       "      <td>0.388680</td>\n",
       "      <td>0.586450</td>\n",
       "    </tr>\n",
       "    <tr>\n",
       "      <th>BP</th>\n",
       "      <td>0.335428</td>\n",
       "      <td>0.241010</td>\n",
       "      <td>0.395411</td>\n",
       "      <td>1.000000</td>\n",
       "      <td>0.242464</td>\n",
       "      <td>0.185548</td>\n",
       "      <td>-0.178762</td>\n",
       "      <td>0.257650</td>\n",
       "      <td>0.393480</td>\n",
       "      <td>0.390430</td>\n",
       "      <td>0.441482</td>\n",
       "    </tr>\n",
       "    <tr>\n",
       "      <th>S1</th>\n",
       "      <td>0.260061</td>\n",
       "      <td>0.035277</td>\n",
       "      <td>0.249777</td>\n",
       "      <td>0.242464</td>\n",
       "      <td>1.000000</td>\n",
       "      <td>0.896663</td>\n",
       "      <td>0.051519</td>\n",
       "      <td>0.542207</td>\n",
       "      <td>0.515503</td>\n",
       "      <td>0.325717</td>\n",
       "      <td>0.212022</td>\n",
       "    </tr>\n",
       "    <tr>\n",
       "      <th>S2</th>\n",
       "      <td>0.219243</td>\n",
       "      <td>0.142637</td>\n",
       "      <td>0.261170</td>\n",
       "      <td>0.185548</td>\n",
       "      <td>0.896663</td>\n",
       "      <td>1.000000</td>\n",
       "      <td>-0.196455</td>\n",
       "      <td>0.659817</td>\n",
       "      <td>0.318357</td>\n",
       "      <td>0.290600</td>\n",
       "      <td>0.174054</td>\n",
       "    </tr>\n",
       "    <tr>\n",
       "      <th>S3</th>\n",
       "      <td>-0.075181</td>\n",
       "      <td>-0.379090</td>\n",
       "      <td>-0.366811</td>\n",
       "      <td>-0.178762</td>\n",
       "      <td>0.051519</td>\n",
       "      <td>-0.196455</td>\n",
       "      <td>1.000000</td>\n",
       "      <td>-0.738493</td>\n",
       "      <td>-0.398577</td>\n",
       "      <td>-0.273697</td>\n",
       "      <td>-0.394789</td>\n",
       "    </tr>\n",
       "    <tr>\n",
       "      <th>S4</th>\n",
       "      <td>0.203841</td>\n",
       "      <td>0.332115</td>\n",
       "      <td>0.413807</td>\n",
       "      <td>0.257650</td>\n",
       "      <td>0.542207</td>\n",
       "      <td>0.659817</td>\n",
       "      <td>-0.738493</td>\n",
       "      <td>1.000000</td>\n",
       "      <td>0.617859</td>\n",
       "      <td>0.417212</td>\n",
       "      <td>0.430453</td>\n",
       "    </tr>\n",
       "    <tr>\n",
       "      <th>S5</th>\n",
       "      <td>0.270774</td>\n",
       "      <td>0.149916</td>\n",
       "      <td>0.446157</td>\n",
       "      <td>0.393480</td>\n",
       "      <td>0.515503</td>\n",
       "      <td>0.318357</td>\n",
       "      <td>-0.398577</td>\n",
       "      <td>0.617859</td>\n",
       "      <td>1.000000</td>\n",
       "      <td>0.464669</td>\n",
       "      <td>0.565883</td>\n",
       "    </tr>\n",
       "    <tr>\n",
       "      <th>S6</th>\n",
       "      <td>0.301731</td>\n",
       "      <td>0.208133</td>\n",
       "      <td>0.388680</td>\n",
       "      <td>0.390430</td>\n",
       "      <td>0.325717</td>\n",
       "      <td>0.290600</td>\n",
       "      <td>-0.273697</td>\n",
       "      <td>0.417212</td>\n",
       "      <td>0.464669</td>\n",
       "      <td>1.000000</td>\n",
       "      <td>0.382483</td>\n",
       "    </tr>\n",
       "    <tr>\n",
       "      <th>Y</th>\n",
       "      <td>0.187889</td>\n",
       "      <td>0.043062</td>\n",
       "      <td>0.586450</td>\n",
       "      <td>0.441482</td>\n",
       "      <td>0.212022</td>\n",
       "      <td>0.174054</td>\n",
       "      <td>-0.394789</td>\n",
       "      <td>0.430453</td>\n",
       "      <td>0.565883</td>\n",
       "      <td>0.382483</td>\n",
       "      <td>1.000000</td>\n",
       "    </tr>\n",
       "  </tbody>\n",
       "</table>\n",
       "</div>"
      ],
      "text/plain": [
       "          AGE       SEX       BMI        BP        S1        S2        S3  \\\n",
       "AGE  1.000000  0.173737  0.185085  0.335428  0.260061  0.219243 -0.075181   \n",
       "SEX  0.173737  1.000000  0.088161  0.241010  0.035277  0.142637 -0.379090   \n",
       "BMI  0.185085  0.088161  1.000000  0.395411  0.249777  0.261170 -0.366811   \n",
       "BP   0.335428  0.241010  0.395411  1.000000  0.242464  0.185548 -0.178762   \n",
       "S1   0.260061  0.035277  0.249777  0.242464  1.000000  0.896663  0.051519   \n",
       "S2   0.219243  0.142637  0.261170  0.185548  0.896663  1.000000 -0.196455   \n",
       "S3  -0.075181 -0.379090 -0.366811 -0.178762  0.051519 -0.196455  1.000000   \n",
       "S4   0.203841  0.332115  0.413807  0.257650  0.542207  0.659817 -0.738493   \n",
       "S5   0.270774  0.149916  0.446157  0.393480  0.515503  0.318357 -0.398577   \n",
       "S6   0.301731  0.208133  0.388680  0.390430  0.325717  0.290600 -0.273697   \n",
       "Y    0.187889  0.043062  0.586450  0.441482  0.212022  0.174054 -0.394789   \n",
       "\n",
       "           S4        S5        S6         Y  \n",
       "AGE  0.203841  0.270774  0.301731  0.187889  \n",
       "SEX  0.332115  0.149916  0.208133  0.043062  \n",
       "BMI  0.413807  0.446157  0.388680  0.586450  \n",
       "BP   0.257650  0.393480  0.390430  0.441482  \n",
       "S1   0.542207  0.515503  0.325717  0.212022  \n",
       "S2   0.659817  0.318357  0.290600  0.174054  \n",
       "S3  -0.738493 -0.398577 -0.273697 -0.394789  \n",
       "S4   1.000000  0.617859  0.417212  0.430453  \n",
       "S5   0.617859  1.000000  0.464669  0.565883  \n",
       "S6   0.417212  0.464669  1.000000  0.382483  \n",
       "Y    0.430453  0.565883  0.382483  1.000000  "
      ]
     },
     "execution_count": 4,
     "metadata": {},
     "output_type": "execute_result"
    }
   ],
   "source": [
    "diastats_raw.corr()"
   ]
  },
  {
   "cell_type": "code",
   "execution_count": 5,
   "metadata": {
    "scrolled": true
   },
   "outputs": [],
   "source": [
    "#Normalize & standardize data\n",
    "diastats_scale = preprocessing.scale(diastats_raw)\n",
    "diastats_norm = preprocessing.normalize(diastats_scale, norm='l2')\n",
    "diastats_pr = pd.DataFrame(diastats_norm)\n"
   ]
  },
  {
   "cell_type": "code",
   "execution_count": 6,
   "metadata": {},
   "outputs": [],
   "source": [
    "#dataframe index 0=AGE 1=SEX 2=BMI 3=BP 4=S1 5=S2 6=S3 7=S4 8=S5 9=S6 10=Y\n",
    "diastats = diastats_pr.rename(columns={0: 'AGE', 1: 'SEX', 2: 'BMI', 3: 'BP', 4: 'S1', 5: 'S2', 6: 'S3', 7: 'S4', 8: 'S5', 9: 'S6', 10: 'Y'})"
   ]
  },
  {
   "cell_type": "code",
   "execution_count": 7,
   "metadata": {},
   "outputs": [
    {
     "data": {
      "text/html": [
       "<div>\n",
       "<style scoped>\n",
       "    .dataframe tbody tr th:only-of-type {\n",
       "        vertical-align: middle;\n",
       "    }\n",
       "\n",
       "    .dataframe tbody tr th {\n",
       "        vertical-align: top;\n",
       "    }\n",
       "\n",
       "    .dataframe thead th {\n",
       "        text-align: right;\n",
       "    }\n",
       "</style>\n",
       "<table border=\"1\" class=\"dataframe\">\n",
       "  <thead>\n",
       "    <tr style=\"text-align: right;\">\n",
       "      <th></th>\n",
       "      <th>AGE</th>\n",
       "      <th>SEX</th>\n",
       "      <th>BMI</th>\n",
       "      <th>BP</th>\n",
       "      <th>S1</th>\n",
       "      <th>S2</th>\n",
       "      <th>S3</th>\n",
       "      <th>S4</th>\n",
       "      <th>S5</th>\n",
       "      <th>S6</th>\n",
       "      <th>Y</th>\n",
       "    </tr>\n",
       "  </thead>\n",
       "  <tbody>\n",
       "    <tr>\n",
       "      <th>0</th>\n",
       "      <td>0.321001</td>\n",
       "      <td>0.427261</td>\n",
       "      <td>0.520133</td>\n",
       "      <td>0.184396</td>\n",
       "      <td>-0.372828</td>\n",
       "      <td>-0.293558</td>\n",
       "      <td>-0.365893</td>\n",
       "      <td>-0.021854</td>\n",
       "      <td>0.167831</td>\n",
       "      <td>-0.148767</td>\n",
       "      <td>-0.005903</td>\n",
       "    </tr>\n",
       "    <tr>\n",
       "      <th>1</th>\n",
       "      <td>-0.011184</td>\n",
       "      <td>-0.265295</td>\n",
       "      <td>-0.305899</td>\n",
       "      <td>-0.156459</td>\n",
       "      <td>-0.050209</td>\n",
       "      <td>-0.113883</td>\n",
       "      <td>0.442211</td>\n",
       "      <td>-0.234700</td>\n",
       "      <td>-0.406079</td>\n",
       "      <td>-0.547948</td>\n",
       "      <td>-0.283138</td>\n",
       "    </tr>\n",
       "    <tr>\n",
       "      <th>2</th>\n",
       "      <td>0.656485</td>\n",
       "      <td>0.390049</td>\n",
       "      <td>0.342110</td>\n",
       "      <td>-0.043641</td>\n",
       "      <td>-0.350947</td>\n",
       "      <td>-0.263171</td>\n",
       "      <td>-0.249021</td>\n",
       "      <td>-0.019951</td>\n",
       "      <td>0.022021</td>\n",
       "      <td>-0.199567</td>\n",
       "      <td>-0.052927</td>\n",
       "    </tr>\n",
       "    <tr>\n",
       "      <th>3</th>\n",
       "      <td>-0.696281</td>\n",
       "      <td>-0.349002</td>\n",
       "      <td>-0.090648</td>\n",
       "      <td>-0.286572</td>\n",
       "      <td>0.095304</td>\n",
       "      <td>0.195373</td>\n",
       "      <td>-0.281736</td>\n",
       "      <td>0.268222</td>\n",
       "      <td>0.177369</td>\n",
       "      <td>-0.073190</td>\n",
       "      <td>0.260119</td>\n",
       "    </tr>\n",
       "    <tr>\n",
       "      <th>4</th>\n",
       "      <td>0.062298</td>\n",
       "      <td>-0.516635</td>\n",
       "      <td>-0.421078</td>\n",
       "      <td>0.253128</td>\n",
       "      <td>0.045538</td>\n",
       "      <td>0.180493</td>\n",
       "      <td>0.094228</td>\n",
       "      <td>-0.030000</td>\n",
       "      <td>-0.370191</td>\n",
       "      <td>-0.539772</td>\n",
       "      <td>-0.122477</td>\n",
       "    </tr>\n",
       "  </tbody>\n",
       "</table>\n",
       "</div>"
      ],
      "text/plain": [
       "        AGE       SEX       BMI        BP        S1        S2        S3  \\\n",
       "0  0.321001  0.427261  0.520133  0.184396 -0.372828 -0.293558 -0.365893   \n",
       "1 -0.011184 -0.265295 -0.305899 -0.156459 -0.050209 -0.113883  0.442211   \n",
       "2  0.656485  0.390049  0.342110 -0.043641 -0.350947 -0.263171 -0.249021   \n",
       "3 -0.696281 -0.349002 -0.090648 -0.286572  0.095304  0.195373 -0.281736   \n",
       "4  0.062298 -0.516635 -0.421078  0.253128  0.045538  0.180493  0.094228   \n",
       "\n",
       "         S4        S5        S6         Y  \n",
       "0 -0.021854  0.167831 -0.148767 -0.005903  \n",
       "1 -0.234700 -0.406079 -0.547948 -0.283138  \n",
       "2 -0.019951  0.022021 -0.199567 -0.052927  \n",
       "3  0.268222  0.177369 -0.073190  0.260119  \n",
       "4 -0.030000 -0.370191 -0.539772 -0.122477  "
      ]
     },
     "execution_count": 7,
     "metadata": {},
     "output_type": "execute_result"
    }
   ],
   "source": [
    "diastats.head()\n",
    "#diastats.corr()"
   ]
  },
  {
   "cell_type": "code",
   "execution_count": 8,
   "metadata": {},
   "outputs": [
    {
     "data": {
      "text/html": [
       "<div>\n",
       "<style scoped>\n",
       "    .dataframe tbody tr th:only-of-type {\n",
       "        vertical-align: middle;\n",
       "    }\n",
       "\n",
       "    .dataframe tbody tr th {\n",
       "        vertical-align: top;\n",
       "    }\n",
       "\n",
       "    .dataframe thead th {\n",
       "        text-align: right;\n",
       "    }\n",
       "</style>\n",
       "<table border=\"1\" class=\"dataframe\">\n",
       "  <thead>\n",
       "    <tr style=\"text-align: right;\">\n",
       "      <th></th>\n",
       "      <th>AGE</th>\n",
       "      <th>SEX</th>\n",
       "      <th>BMI</th>\n",
       "      <th>BP</th>\n",
       "      <th>S1</th>\n",
       "      <th>S2</th>\n",
       "      <th>S3</th>\n",
       "      <th>S4</th>\n",
       "      <th>S5</th>\n",
       "      <th>S6</th>\n",
       "      <th>Y</th>\n",
       "    </tr>\n",
       "  </thead>\n",
       "  <tbody>\n",
       "    <tr>\n",
       "      <th>AGE</th>\n",
       "      <td>1.000000</td>\n",
       "      <td>0.208030</td>\n",
       "      <td>0.128275</td>\n",
       "      <td>0.314105</td>\n",
       "      <td>0.212787</td>\n",
       "      <td>0.188311</td>\n",
       "      <td>-0.068217</td>\n",
       "      <td>0.160461</td>\n",
       "      <td>0.220149</td>\n",
       "      <td>0.266565</td>\n",
       "      <td>0.142843</td>\n",
       "    </tr>\n",
       "    <tr>\n",
       "      <th>SEX</th>\n",
       "      <td>0.208030</td>\n",
       "      <td>1.000000</td>\n",
       "      <td>0.021171</td>\n",
       "      <td>0.197764</td>\n",
       "      <td>-0.011789</td>\n",
       "      <td>0.105358</td>\n",
       "      <td>-0.363505</td>\n",
       "      <td>0.304267</td>\n",
       "      <td>0.125671</td>\n",
       "      <td>0.185090</td>\n",
       "      <td>-0.020325</td>\n",
       "    </tr>\n",
       "    <tr>\n",
       "      <th>BMI</th>\n",
       "      <td>0.128275</td>\n",
       "      <td>0.021171</td>\n",
       "      <td>1.000000</td>\n",
       "      <td>0.314518</td>\n",
       "      <td>0.184651</td>\n",
       "      <td>0.187617</td>\n",
       "      <td>-0.293827</td>\n",
       "      <td>0.324378</td>\n",
       "      <td>0.374178</td>\n",
       "      <td>0.281844</td>\n",
       "      <td>0.499672</td>\n",
       "    </tr>\n",
       "    <tr>\n",
       "      <th>BP</th>\n",
       "      <td>0.314105</td>\n",
       "      <td>0.197764</td>\n",
       "      <td>0.314518</td>\n",
       "      <td>1.000000</td>\n",
       "      <td>0.197854</td>\n",
       "      <td>0.143959</td>\n",
       "      <td>-0.122200</td>\n",
       "      <td>0.187932</td>\n",
       "      <td>0.321758</td>\n",
       "      <td>0.334497</td>\n",
       "      <td>0.353836</td>\n",
       "    </tr>\n",
       "    <tr>\n",
       "      <th>S1</th>\n",
       "      <td>0.212787</td>\n",
       "      <td>-0.011789</td>\n",
       "      <td>0.184651</td>\n",
       "      <td>0.197854</td>\n",
       "      <td>1.000000</td>\n",
       "      <td>0.885139</td>\n",
       "      <td>0.134815</td>\n",
       "      <td>0.461783</td>\n",
       "      <td>0.447956</td>\n",
       "      <td>0.251869</td>\n",
       "      <td>0.160939</td>\n",
       "    </tr>\n",
       "    <tr>\n",
       "      <th>S2</th>\n",
       "      <td>0.188311</td>\n",
       "      <td>0.105358</td>\n",
       "      <td>0.187617</td>\n",
       "      <td>0.143959</td>\n",
       "      <td>0.885139</td>\n",
       "      <td>1.000000</td>\n",
       "      <td>-0.149848</td>\n",
       "      <td>0.617509</td>\n",
       "      <td>0.241122</td>\n",
       "      <td>0.229963</td>\n",
       "      <td>0.110372</td>\n",
       "    </tr>\n",
       "    <tr>\n",
       "      <th>S3</th>\n",
       "      <td>-0.068217</td>\n",
       "      <td>-0.363505</td>\n",
       "      <td>-0.293827</td>\n",
       "      <td>-0.122200</td>\n",
       "      <td>0.134815</td>\n",
       "      <td>-0.149848</td>\n",
       "      <td>1.000000</td>\n",
       "      <td>-0.740931</td>\n",
       "      <td>-0.360845</td>\n",
       "      <td>-0.218174</td>\n",
       "      <td>-0.310885</td>\n",
       "    </tr>\n",
       "    <tr>\n",
       "      <th>S4</th>\n",
       "      <td>0.160461</td>\n",
       "      <td>0.304267</td>\n",
       "      <td>0.324378</td>\n",
       "      <td>0.187932</td>\n",
       "      <td>0.461783</td>\n",
       "      <td>0.617509</td>\n",
       "      <td>-0.740931</td>\n",
       "      <td>1.000000</td>\n",
       "      <td>0.560912</td>\n",
       "      <td>0.326808</td>\n",
       "      <td>0.353517</td>\n",
       "    </tr>\n",
       "    <tr>\n",
       "      <th>S5</th>\n",
       "      <td>0.220149</td>\n",
       "      <td>0.125671</td>\n",
       "      <td>0.374178</td>\n",
       "      <td>0.321758</td>\n",
       "      <td>0.447956</td>\n",
       "      <td>0.241122</td>\n",
       "      <td>-0.360845</td>\n",
       "      <td>0.560912</td>\n",
       "      <td>1.000000</td>\n",
       "      <td>0.375266</td>\n",
       "      <td>0.502049</td>\n",
       "    </tr>\n",
       "    <tr>\n",
       "      <th>S6</th>\n",
       "      <td>0.266565</td>\n",
       "      <td>0.185090</td>\n",
       "      <td>0.281844</td>\n",
       "      <td>0.334497</td>\n",
       "      <td>0.251869</td>\n",
       "      <td>0.229963</td>\n",
       "      <td>-0.218174</td>\n",
       "      <td>0.326808</td>\n",
       "      <td>0.375266</td>\n",
       "      <td>1.000000</td>\n",
       "      <td>0.265805</td>\n",
       "    </tr>\n",
       "    <tr>\n",
       "      <th>Y</th>\n",
       "      <td>0.142843</td>\n",
       "      <td>-0.020325</td>\n",
       "      <td>0.499672</td>\n",
       "      <td>0.353836</td>\n",
       "      <td>0.160939</td>\n",
       "      <td>0.110372</td>\n",
       "      <td>-0.310885</td>\n",
       "      <td>0.353517</td>\n",
       "      <td>0.502049</td>\n",
       "      <td>0.265805</td>\n",
       "      <td>1.000000</td>\n",
       "    </tr>\n",
       "  </tbody>\n",
       "</table>\n",
       "</div>"
      ],
      "text/plain": [
       "          AGE       SEX       BMI        BP        S1        S2        S3  \\\n",
       "AGE  1.000000  0.208030  0.128275  0.314105  0.212787  0.188311 -0.068217   \n",
       "SEX  0.208030  1.000000  0.021171  0.197764 -0.011789  0.105358 -0.363505   \n",
       "BMI  0.128275  0.021171  1.000000  0.314518  0.184651  0.187617 -0.293827   \n",
       "BP   0.314105  0.197764  0.314518  1.000000  0.197854  0.143959 -0.122200   \n",
       "S1   0.212787 -0.011789  0.184651  0.197854  1.000000  0.885139  0.134815   \n",
       "S2   0.188311  0.105358  0.187617  0.143959  0.885139  1.000000 -0.149848   \n",
       "S3  -0.068217 -0.363505 -0.293827 -0.122200  0.134815 -0.149848  1.000000   \n",
       "S4   0.160461  0.304267  0.324378  0.187932  0.461783  0.617509 -0.740931   \n",
       "S5   0.220149  0.125671  0.374178  0.321758  0.447956  0.241122 -0.360845   \n",
       "S6   0.266565  0.185090  0.281844  0.334497  0.251869  0.229963 -0.218174   \n",
       "Y    0.142843 -0.020325  0.499672  0.353836  0.160939  0.110372 -0.310885   \n",
       "\n",
       "           S4        S5        S6         Y  \n",
       "AGE  0.160461  0.220149  0.266565  0.142843  \n",
       "SEX  0.304267  0.125671  0.185090 -0.020325  \n",
       "BMI  0.324378  0.374178  0.281844  0.499672  \n",
       "BP   0.187932  0.321758  0.334497  0.353836  \n",
       "S1   0.461783  0.447956  0.251869  0.160939  \n",
       "S2   0.617509  0.241122  0.229963  0.110372  \n",
       "S3  -0.740931 -0.360845 -0.218174 -0.310885  \n",
       "S4   1.000000  0.560912  0.326808  0.353517  \n",
       "S5   0.560912  1.000000  0.375266  0.502049  \n",
       "S6   0.326808  0.375266  1.000000  0.265805  \n",
       "Y    0.353517  0.502049  0.265805  1.000000  "
      ]
     },
     "execution_count": 8,
     "metadata": {},
     "output_type": "execute_result"
    }
   ],
   "source": [
    "diastats.corr()"
   ]
  },
  {
   "cell_type": "code",
   "execution_count": 9,
   "metadata": {},
   "outputs": [
    {
     "name": "stdout",
     "output_type": "stream",
     "text": [
      "Q1 answer\n",
      "Correlation for Y is highest for S5, it will be used as the single feature for prediction. Plot is shown below:\n"
     ]
    },
    {
     "data": {
